    0.250000    4.00000    2.00000    2.20000    200.000
    0.250000    4.00000    2.00000    2.20000    200.000
    0.500000    4.00000    2.00000    2.20000    200.000
    0.500000    4.00000    2.00000    2.20000    400.000
     1.50000    4.00000    2.00000    2.20000    400.000
     2.00000    6.08000    3.44000    2.74000    400.000
     4.00000    6.08000    3.44000    2.74000    400.000
     6.00000    6.08000    3.44000    2.74000    400.000
     4.68555    6.08000    3.44000    2.74000    400.000
     4.68555    6.78000    3.84000    3.00000    400.000
     5.62891    6.78000    3.84000    3.00000    400.000
     5.00000    6.78000    3.84000    3.00000    400.000
     7.91406    6.78000    3.84000    3.00000    400.000
     7.08594    8.19000    4.51000    3.32293    400.000
     5.00000    8.19000    4.51000    3.32793    400.000
     6.45703    8.19000    4.51000    3.33267    400.000
     8.54297    8.19000    4.51000    3.33888    400.000
    10.00000    8.19000    4.51000    3.34655   100.0000
     23.3335    8.19000    4.51000    3.36034   100.0000
     23.3330    8.19000    4.53000    3.37600   100.0000
     23.3335    8.19000    4.53000    3.38800   100.0000
     23.3335    8.19000    4.53000    3.40000    143.000
     23.3330    8.19000    4.53000    3.41200    143.000
     23.3335    8.19000    4.53000    3.42400    143.000
     22.5000    8.21875    4.54313    3.43563    143.000
     22.5000    8.27625    4.56938    3.44688    143.000
     22.5000    8.33375    4.59562    3.45813    143.000
     22.5000    8.39125    4.62187    3.46937    143.000
     22.5000    8.44875    4.64813    3.48062    143.000
     22.5000    8.50625    4.67438    3.49187    143.000
     22.5000    8.56375    4.70062    3.50312    143.000
     22.5000    8.62125    4.72687    3.51437    143.000
     25.0000    9.19792    4.96903    3.73952    312.000
     25.0000    9.32591    5.04196    3.77103    312.000
     25.0000    9.45389    5.11489    3.80254    312.000
     25.0000    9.58188    5.18782    3.83405    312.000
     25.0000    9.70987    5.26075    3.86556    312.000
     25.0000    9.83786    5.33368    3.89707    312.000
     25.0000    9.96585    5.40661    3.92857    312.000
     25.0000   10.09383    5.47954    3.96008    312.000
     23.3335   10.17589    5.52505    3.97855    312.000
     23.3330   10.21203    5.54311    3.98399    312.000
     23.3335   10.24817    5.56118    3.98942    312.000
     25.2500    10.7906    5.98196    4.38857    312.000
     25.2500    10.8692    6.05580    4.40427    312.000
     25.2500    10.9478    6.12965    4.41989    312.000
     25.2500    11.0263    6.20352    4.43542    312.000
     32.8335    11.0955    6.25221    4.45318    312.000
     32.8335    11.1549    6.27553    4.47313    312.000
     32.8330    11.2133    6.29849    4.49295    312.000
     32.8335    11.2708    6.32109    4.51264    312.000
     32.8335    11.3273    6.34336    4.53219    312.000
     32.8330    11.3830    6.36528    4.55163    312.000
     32.8335    11.4378    6.38687    4.57093    312.000
     32.8335    11.4917    6.40814    4.59012    312.000
     32.8330    11.5448    6.42909    4.60919    312.000
     32.8335    11.5971    6.44974    4.62814    312.000
     32.8335    11.6486    6.47009    4.64698    312.000
     32.8330    11.6993    6.49014    4.66570    312.000
     32.8335    11.7493    6.50991    4.68432    312.000
     32.8335    11.7985    6.52940    4.70283    312.000
     32.8330    11.8471    6.54863    4.72124    312.000
     32.8335    11.8949    6.56759    4.73955    312.000
     32.8335    11.9422    6.58630    4.75775    312.000
     32.8330    11.9887    6.60476    4.77586    312.000
     32.8335    12.0347    6.62298    4.79388    312.000
     32.8335    12.0801    6.64097    4.81181    312.000
     32.8330    12.1249    6.65874    4.82965    312.000
